Gesture Name: Horizontal Line Right to Left
0.0 0.0
-4.01568627451 0.0
-8.03137254902 0.0
-12.0470588235 0.0
-16.062745098 0.0
-20.0784313725 0.0
-24.0941176471 0.0
-28.1098039216 0.0
-32.1254901961 0.0
-36.1411764706 0.0
-40.1568627451 0.0
-44.1725490196 0.0
-48.1882352941 0.0
-52.2039215686 0.0
-56.2196078431 0.0
-60.2352941176 0.0
-64.2509803922 0.0
-68.2666666667 0.0
-72.2823529412 0.0
-76.2980392157 0.0
-80.3137254902 0.0
-84.3294117647 0.0
-88.3450980392 0.0
-92.3607843137 0.0
-96.3764705882 0.0
-100.392156863 0.0
-104.407843137 0.0
-108.423529412 0.0
-112.439215686 0.0
-116.454901961 0.0
-120.470588235 0.0
-124.48627451 0.0
-128.501960784 0.0
-132.517647059 0.0
-136.533333333 0.0
-140.549019608 0.0
-144.564705882 0.0
-148.580392157 0.0
-152.596078431 0.0
-156.611764706 0.0
-160.62745098 0.0
-164.643137255 0.0
-168.658823529 0.0
-172.674509804 0.0
-176.690196078 0.0
-180.705882353 0.0
-184.721568627 0.0
-188.737254902 0.0
-192.752941176 0.0
-196.768627451 0.0
-200.784313725 0.0
-204.8 0.0
-208.815686275 0.0
-212.831372549 0.0
-216.847058824 0.0
-220.862745098 0.0
-224.878431373 0.0
-228.894117647 0.0
-232.909803922 0.0
-236.925490196 0.0
-240.941176471 0.0
-244.956862745 0.0
-248.97254902 0.0
-252.988235294 0.0
-257.003921569 0.0
-261.019607843 0.0
-265.035294118 0.0
-269.050980392 0.0
-273.066666667 0.0
-277.082352941 0.0
-281.098039216 0.0
-285.11372549 0.0
-289.129411765 0.0
-293.145098039 0.0
-297.160784314 0.0
-301.176470588 0.0
-305.192156863 0.0
-309.207843137 0.0
-313.223529412 0.0
-317.239215686 0.0
-321.254901961 0.0
-325.270588235 0.0
-329.28627451 0.0
-333.301960784 0.0
-337.317647059 0.0
-341.333333333 0.0
-345.349019608 0.0
-349.364705882 0.0
-353.380392157 0.0
-357.396078431 0.0
-361.411764706 0.0
-365.42745098 0.0
-369.443137255 0.0
-373.458823529 0.0
-377.474509804 0.0
-381.490196078 0.0
-385.505882353 0.0
-389.521568627 0.0
-393.537254902 0.0
-397.552941176 0.0
-401.568627451 0.0
-405.584313725 0.0
-409.6 0.0
-413.615686275 0.0
-417.631372549 0.0
-421.647058824 0.0
-425.662745098 0.0
-429.678431373 0.0
-433.694117647 0.0
-437.709803922 0.0
-441.725490196 0.0
-445.741176471 0.0
-449.756862745 0.0
-453.77254902 0.0
-457.788235294 0.0
-461.803921569 0.0
-465.819607843 0.0
-469.835294118 0.0
-473.850980392 0.0
-477.866666667 0.0
-481.882352941 0.0
-485.898039216 0.0
-489.91372549 0.0
-493.929411765 0.0
-497.945098039 0.0
-501.960784314 0.0
-505.976470588 0.0
-509.992156863 0.0
-514.007843137 0.0
-518.023529412 0.0
-522.039215686 0.0
-526.054901961 0.0
-530.070588235 0.0
-534.08627451 0.0
-538.101960784 0.0
-542.117647059 0.0
-546.133333333 0.0
-550.149019608 0.0
-554.164705882 0.0
-558.180392157 0.0
-562.196078431 0.0
-566.211764706 0.0
-570.22745098 0.0
-574.243137255 0.0
-578.258823529 0.0
-582.274509804 0.0
-586.290196078 0.0
-590.305882353 0.0
-594.321568627 0.0
-598.337254902 0.0
-602.352941176 0.0
-606.368627451 0.0
-610.384313725 0.0
-614.4 0.0
-618.415686275 0.0
-622.431372549 0.0
-626.447058824 0.0
-630.462745098 0.0
-634.478431373 0.0
-638.494117647 0.0
-642.509803922 0.0
-646.525490196 0.0
-650.541176471 0.0
-654.556862745 0.0
-658.57254902 0.0
-662.588235294 0.0
-666.603921569 0.0
-670.619607843 0.0
-674.635294118 0.0
-678.650980392 0.0
-682.666666667 0.0
-686.682352941 0.0
-690.698039216 0.0
-694.71372549 0.0
-698.729411765 0.0
-702.745098039 0.0
-706.760784314 0.0
-710.776470588 0.0
-714.792156863 0.0
-718.807843137 0.0
-722.823529412 0.0
-726.839215686 0.0
-730.854901961 0.0
-734.870588235 0.0
-738.88627451 0.0
-742.901960784 0.0
-746.917647059 0.0
-750.933333333 0.0
-754.949019608 0.0
-758.964705882 0.0
-762.980392157 0.0
-766.996078431 0.0
-771.011764706 0.0
-775.02745098 0.0
-779.043137255 0.0
-783.058823529 0.0
-787.074509804 0.0
-791.090196078 0.0
-795.105882353 0.0
-799.121568627 0.0
-803.137254902 0.0
-807.152941176 0.0
-811.168627451 0.0
-815.184313725 0.0
-819.2 0.0
-823.215686275 0.0
-827.231372549 0.0
-831.247058824 0.0
-835.262745098 0.0
-839.278431373 0.0
-843.294117647 0.0
-847.309803922 0.0
-851.325490196 0.0
-855.341176471 0.0
-859.356862745 0.0
-863.37254902 0.0
-867.388235294 0.0
-871.403921569 0.0
-875.419607843 0.0
-879.435294118 0.0
-883.450980392 0.0
-887.466666667 0.0
-891.482352941 0.0
-895.498039216 0.0
-899.51372549 0.0
-903.529411765 0.0
-907.545098039 0.0
-911.560784314 0.0
-915.576470588 0.0
-919.592156863 0.0
-923.607843137 0.0
-927.623529412 0.0
-931.639215686 0.0
-935.654901961 0.0
-939.670588235 0.0
-943.68627451 0.0
-947.701960784 0.0
-951.717647059 0.0
-955.733333333 0.0
-959.749019608 0.0
-963.764705882 0.0
-967.780392157 0.0
-971.796078431 0.0
-975.811764706 0.0
-979.82745098 0.0
-983.843137255 0.0
-987.858823529 0.0
-991.874509804 0.0
-995.890196078 0.0
-999.905882353 0.0
-1003.92156863 0.0
-1007.9372549 0.0
-1011.95294118 0.0
-1015.96862745 0.0
-1019.98431373 0.0
-1024.0 0.0
END GESTURE
Gesture Name: Horizontal Line Left to Right
0.0 0.0
4.01568627451 0.0
8.03137254902 0.0
12.0470588235 0.0
16.062745098 0.0
20.0784313725 0.0
24.0941176471 0.0
28.1098039216 0.0
32.1254901961 0.0
36.1411764706 0.0
40.1568627451 0.0
44.1725490196 0.0
48.1882352941 0.0
52.2039215686 0.0
56.2196078431 0.0
60.2352941176 0.0
64.2509803922 0.0
68.2666666667 0.0
72.2823529412 0.0
76.2980392157 0.0
80.3137254902 0.0
84.3294117647 0.0
88.3450980392 0.0
92.3607843137 0.0
96.3764705882 0.0
100.392156863 0.0
104.407843137 0.0
108.423529412 0.0
112.439215686 0.0
116.454901961 0.0
120.470588235 0.0
124.48627451 0.0
128.501960784 0.0
132.517647059 0.0
136.533333333 0.0
140.549019608 0.0
144.564705882 0.0
148.580392157 0.0
152.596078431 0.0
156.611764706 0.0
160.62745098 0.0
164.643137255 0.0
168.658823529 0.0
172.674509804 0.0
176.690196078 0.0
180.705882353 0.0
184.721568627 0.0
188.737254902 0.0
192.752941176 0.0
196.768627451 0.0
200.784313725 0.0
204.8 0.0
208.815686275 0.0
212.831372549 0.0
216.847058824 0.0
220.862745098 0.0
224.878431373 0.0
228.894117647 0.0
232.909803922 0.0
236.925490196 0.0
240.941176471 0.0
244.956862745 0.0
248.97254902 0.0
252.988235294 0.0
257.003921569 0.0
261.019607843 0.0
265.035294118 0.0
269.050980392 0.0
273.066666667 0.0
277.082352941 0.0
281.098039216 0.0
285.11372549 0.0
289.129411765 0.0
293.145098039 0.0
297.160784314 0.0
301.176470588 0.0
305.192156863 0.0
309.207843137 0.0
313.223529412 0.0
317.239215686 0.0
321.254901961 0.0
325.270588235 0.0
329.28627451 0.0
333.301960784 0.0
337.317647059 0.0
341.333333333 0.0
345.349019608 0.0
349.364705882 0.0
353.380392157 0.0
357.396078431 0.0
361.411764706 0.0
365.42745098 0.0
369.443137255 0.0
373.458823529 0.0
377.474509804 0.0
381.490196078 0.0
385.505882353 0.0
389.521568627 0.0
393.537254902 0.0
397.552941176 0.0
401.568627451 0.0
405.584313725 0.0
409.6 0.0
413.615686275 0.0
417.631372549 0.0
421.647058824 0.0
425.662745098 0.0
429.678431373 0.0
433.694117647 0.0
437.709803922 0.0
441.725490196 0.0
445.741176471 0.0
449.756862745 0.0
453.77254902 0.0
457.788235294 0.0
461.803921569 0.0
465.819607843 0.0
469.835294118 0.0
473.850980392 0.0
477.866666667 0.0
481.882352941 0.0
485.898039216 0.0
489.91372549 0.0
493.929411765 0.0
497.945098039 0.0
501.960784314 0.0
505.976470588 0.0
509.992156863 0.0
514.007843137 0.0
518.023529412 0.0
522.039215686 0.0
526.054901961 0.0
530.070588235 0.0
534.08627451 0.0
538.101960784 0.0
542.117647059 0.0
546.133333333 0.0
550.149019608 0.0
554.164705882 0.0
558.180392157 0.0
562.196078431 0.0
566.211764706 0.0
570.22745098 0.0
574.243137255 0.0
578.258823529 0.0
582.274509804 0.0
586.290196078 0.0
590.305882353 0.0
594.321568627 0.0
598.337254902 0.0
602.352941176 0.0
606.368627451 0.0
610.384313725 0.0
614.4 0.0
618.415686275 0.0
622.431372549 0.0
626.447058824 0.0
630.462745098 0.0
634.478431373 0.0
638.494117647 0.0
642.509803922 0.0
646.525490196 0.0
650.541176471 0.0
654.556862745 0.0
658.57254902 0.0
662.588235294 0.0
666.603921569 0.0
670.619607843 0.0
674.635294118 0.0
678.650980392 0.0
682.666666667 0.0
686.682352941 0.0
690.698039216 0.0
694.71372549 0.0
698.729411765 0.0
702.745098039 0.0
706.760784314 0.0
710.776470588 0.0
714.792156863 0.0
718.807843137 0.0
722.823529412 0.0
726.839215686 0.0
730.854901961 0.0
734.870588235 0.0
738.88627451 0.0
742.901960784 0.0
746.917647059 0.0
750.933333333 0.0
754.949019608 0.0
758.964705882 0.0
762.980392157 0.0
766.996078431 0.0
771.011764706 0.0
775.02745098 0.0
779.043137255 0.0
783.058823529 0.0
787.074509804 0.0
791.090196078 0.0
795.105882353 0.0
799.121568627 0.0
803.137254902 0.0
807.152941176 0.0
811.168627451 0.0
815.184313725 0.0
819.2 0.0
823.215686275 0.0
827.231372549 0.0
831.247058824 0.0
835.262745098 0.0
839.278431373 0.0
843.294117647 0.0
847.309803922 0.0
851.325490196 0.0
855.341176471 0.0
859.356862745 0.0
863.37254902 0.0
867.388235294 0.0
871.403921569 0.0
875.419607843 0.0
879.435294118 0.0
883.450980392 0.0
887.466666667 0.0
891.482352941 0.0
895.498039216 0.0
899.51372549 0.0
903.529411765 0.0
907.545098039 0.0
911.560784314 0.0
915.576470588 0.0
919.592156863 0.0
923.607843137 0.0
927.623529412 0.0
931.639215686 0.0
935.654901961 0.0
939.670588235 0.0
943.68627451 0.0
947.701960784 0.0
951.717647059 0.0
955.733333333 0.0
959.749019608 0.0
963.764705882 0.0
967.780392157 0.0
971.796078431 0.0
975.811764706 0.0
979.82745098 0.0
983.843137255 0.0
987.858823529 0.0
991.874509804 0.0
995.890196078 0.0
999.905882353 0.0
1003.92156863 0.0
1007.9372549 0.0
1011.95294118 0.0
1015.96862745 0.0
1019.98431373 0.0
1024.0 0.0
END GESTURE
Gesture Name: Vertical Line Top to Bottom
0.0 0.0
0.0 4.01568627451
0.0 8.03137254902
0.0 12.0470588235
0.0 16.062745098
0.0 20.0784313725
0.0 24.0941176471
0.0 28.1098039216
0.0 32.1254901961
0.0 36.1411764706
0.0 40.1568627451
0.0 44.1725490196
0.0 48.1882352941
0.0 52.2039215686
0.0 56.2196078431
0.0 60.2352941176
0.0 64.2509803922
0.0 68.2666666667
0.0 72.2823529412
0.0 76.2980392157
0.0 80.3137254902
0.0 84.3294117647
0.0 88.3450980392
0.0 92.3607843137
0.0 96.3764705882
0.0 100.392156863
0.0 104.407843137
0.0 108.423529412
0.0 112.439215686
0.0 116.454901961
0.0 120.470588235
0.0 124.48627451
0.0 128.501960784
0.0 132.517647059
0.0 136.533333333
0.0 140.549019608
0.0 144.564705882
0.0 148.580392157
0.0 152.596078431
0.0 156.611764706
0.0 160.62745098
0.0 164.643137255
0.0 168.658823529
0.0 172.674509804
0.0 176.690196078
0.0 180.705882353
0.0 184.721568627
0.0 188.737254902
0.0 192.752941176
0.0 196.768627451
0.0 200.784313725
0.0 204.8
0.0 208.815686275
0.0 212.831372549
0.0 216.847058824
0.0 220.862745098
0.0 224.878431373
0.0 228.894117647
0.0 232.909803922
0.0 236.925490196
0.0 240.941176471
0.0 244.956862745
0.0 248.97254902
0.0 252.988235294
0.0 257.003921569
0.0 261.019607843
0.0 265.035294118
0.0 269.050980392
0.0 273.066666667
0.0 277.082352941
0.0 281.098039216
0.0 285.11372549
0.0 289.129411765
0.0 293.145098039
0.0 297.160784314
0.0 301.176470588
0.0 305.192156863
0.0 309.207843137
0.0 313.223529412
0.0 317.239215686
0.0 321.254901961
0.0 325.270588235
0.0 329.28627451
0.0 333.301960784
0.0 337.317647059
0.0 341.333333333
0.0 345.349019608
0.0 349.364705882
0.0 353.380392157
0.0 357.396078431
0.0 361.411764706
0.0 365.42745098
0.0 369.443137255
0.0 373.458823529
0.0 377.474509804
0.0 381.490196078
0.0 385.505882353
0.0 389.521568627
0.0 393.537254902
0.0 397.552941176
0.0 401.568627451
0.0 405.584313725
0.0 409.6
0.0 413.615686275
0.0 417.631372549
0.0 421.647058824
0.0 425.662745098
0.0 429.678431373
0.0 433.694117647
0.0 437.709803922
0.0 441.725490196
0.0 445.741176471
0.0 449.756862745
0.0 453.77254902
0.0 457.788235294
0.0 461.803921569
0.0 465.819607843
0.0 469.835294118
0.0 473.850980392
0.0 477.866666667
0.0 481.882352941
0.0 485.898039216
0.0 489.91372549
0.0 493.929411765
0.0 497.945098039
0.0 501.960784314
0.0 505.976470588
0.0 509.992156863
0.0 514.007843137
0.0 518.023529412
0.0 522.039215686
0.0 526.054901961
0.0 530.070588235
0.0 534.08627451
0.0 538.101960784
0.0 542.117647059
0.0 546.133333333
0.0 550.149019608
0.0 554.164705882
0.0 558.180392157
0.0 562.196078431
0.0 566.211764706
0.0 570.22745098
0.0 574.243137255
0.0 578.258823529
0.0 582.274509804
0.0 586.290196078
0.0 590.305882353
0.0 594.321568627
0.0 598.337254902
0.0 602.352941176
0.0 606.368627451
0.0 610.384313725
0.0 614.4
0.0 618.415686275
0.0 622.431372549
0.0 626.447058824
0.0 630.462745098
0.0 634.478431373
0.0 638.494117647
0.0 642.509803922
0.0 646.525490196
0.0 650.541176471
0.0 654.556862745
0.0 658.57254902
0.0 662.588235294
0.0 666.603921569
0.0 670.619607843
0.0 674.635294118
0.0 678.650980392
0.0 682.666666667
0.0 686.682352941
0.0 690.698039216
0.0 694.71372549
0.0 698.729411765
0.0 702.745098039
0.0 706.760784314
0.0 710.776470588
0.0 714.792156863
0.0 718.807843137
0.0 722.823529412
0.0 726.839215686
0.0 730.854901961
0.0 734.870588235
0.0 738.88627451
0.0 742.901960784
0.0 746.917647059
0.0 750.933333333
0.0 754.949019608
0.0 758.964705882
0.0 762.980392157
0.0 766.996078431
0.0 771.011764706
0.0 775.02745098
0.0 779.043137255
0.0 783.058823529
0.0 787.074509804
0.0 791.090196078
0.0 795.105882353
0.0 799.121568627
0.0 803.137254902
0.0 807.152941176
0.0 811.168627451
0.0 815.184313725
0.0 819.2
0.0 823.215686275
0.0 827.231372549
0.0 831.247058824
0.0 835.262745098
0.0 839.278431373
0.0 843.294117647
0.0 847.309803922
0.0 851.325490196
0.0 855.341176471
0.0 859.356862745
0.0 863.37254902
0.0 867.388235294
0.0 871.403921569
0.0 875.419607843
0.0 879.435294118
0.0 883.450980392
0.0 887.466666667
0.0 891.482352941
0.0 895.498039216
0.0 899.51372549
0.0 903.529411765
0.0 907.545098039
0.0 911.560784314
0.0 915.576470588
0.0 919.592156863
0.0 923.607843137
0.0 927.623529412
0.0 931.639215686
0.0 935.654901961
0.0 939.670588235
0.0 943.68627451
0.0 947.701960784
0.0 951.717647059
0.0 955.733333333
0.0 959.749019608
0.0 963.764705882
0.0 967.780392157
0.0 971.796078431
0.0 975.811764706
0.0 979.82745098
0.0 983.843137255
0.0 987.858823529
0.0 991.874509804
0.0 995.890196078
0.0 999.905882353
0.0 1003.92156863
0.0 1007.9372549
0.0 1011.95294118
0.0 1015.96862745
0.0 1019.98431373
0.0 1024.0
END GESTURE
Gesture Name: Vertical Line Bottom to Top
0.0 0.0
0.0 -4.01568627451
0.0 -8.03137254902
0.0 -12.0470588235
0.0 -16.062745098
0.0 -20.0784313725
0.0 -24.0941176471
0.0 -28.1098039216
0.0 -32.1254901961
0.0 -36.1411764706
0.0 -40.1568627451
0.0 -44.1725490196
0.0 -48.1882352941
0.0 -52.2039215686
0.0 -56.2196078431
0.0 -60.2352941176
0.0 -64.2509803922
0.0 -68.2666666667
0.0 -72.2823529412
0.0 -76.2980392157
0.0 -80.3137254902
0.0 -84.3294117647
0.0 -88.3450980392
0.0 -92.3607843137
0.0 -96.3764705882
0.0 -100.392156863
0.0 -104.407843137
0.0 -108.423529412
0.0 -112.439215686
0.0 -116.454901961
0.0 -120.470588235
0.0 -124.48627451
0.0 -128.501960784
0.0 -132.517647059
0.0 -136.533333333
0.0 -140.549019608
0.0 -144.564705882
0.0 -148.580392157
0.0 -152.596078431
0.0 -156.611764706
0.0 -160.62745098
0.0 -164.643137255
0.0 -168.658823529
0.0 -172.674509804
0.0 -176.690196078
0.0 -180.705882353
0.0 -184.721568627
0.0 -188.737254902
0.0 -192.752941176
0.0 -196.768627451
0.0 -200.784313725
0.0 -204.8
0.0 -208.815686275
0.0 -212.831372549
0.0 -216.847058824
0.0 -220.862745098
0.0 -224.878431373
0.0 -228.894117647
0.0 -232.909803922
0.0 -236.925490196
0.0 -240.941176471
0.0 -244.956862745
0.0 -248.97254902
0.0 -252.988235294
0.0 -257.003921569
0.0 -261.019607843
0.0 -265.035294118
0.0 -269.050980392
0.0 -273.066666667
0.0 -277.082352941
0.0 -281.098039216
0.0 -285.11372549
0.0 -289.129411765
0.0 -293.145098039
0.0 -297.160784314
0.0 -301.176470588
0.0 -305.192156863
0.0 -309.207843137
0.0 -313.223529412
0.0 -317.239215686
0.0 -321.254901961
0.0 -325.270588235
0.0 -329.28627451
0.0 -333.301960784
0.0 -337.317647059
0.0 -341.333333333
0.0 -345.349019608
0.0 -349.364705882
0.0 -353.380392157
0.0 -357.396078431
0.0 -361.411764706
0.0 -365.42745098
0.0 -369.443137255
0.0 -373.458823529
0.0 -377.474509804
0.0 -381.490196078
0.0 -385.505882353
0.0 -389.521568627
0.0 -393.537254902
0.0 -397.552941176
0.0 -401.568627451
0.0 -405.584313725
0.0 -409.6
0.0 -413.615686275
0.0 -417.631372549
0.0 -421.647058824
0.0 -425.662745098
0.0 -429.678431373
0.0 -433.694117647
0.0 -437.709803922
0.0 -441.725490196
0.0 -445.741176471
0.0 -449.756862745
0.0 -453.77254902
0.0 -457.788235294
0.0 -461.803921569
0.0 -465.819607843
0.0 -469.835294118
0.0 -473.850980392
0.0 -477.866666667
0.0 -481.882352941
0.0 -485.898039216
0.0 -489.91372549
0.0 -493.929411765
0.0 -497.945098039
0.0 -501.960784314
0.0 -505.976470588
0.0 -509.992156863
0.0 -514.007843137
0.0 -518.023529412
0.0 -522.039215686
0.0 -526.054901961
0.0 -530.070588235
0.0 -534.08627451
0.0 -538.101960784
0.0 -542.117647059
0.0 -546.133333333
0.0 -550.149019608
0.0 -554.164705882
0.0 -558.180392157
0.0 -562.196078431
0.0 -566.211764706
0.0 -570.22745098
0.0 -574.243137255
0.0 -578.258823529
0.0 -582.274509804
0.0 -586.290196078
0.0 -590.305882353
0.0 -594.321568627
0.0 -598.337254902
0.0 -602.352941176
0.0 -606.368627451
0.0 -610.384313725
0.0 -614.4
0.0 -618.415686275
0.0 -622.431372549
0.0 -626.447058824
0.0 -630.462745098
0.0 -634.478431373
0.0 -638.494117647
0.0 -642.509803922
0.0 -646.525490196
0.0 -650.541176471
0.0 -654.556862745
0.0 -658.57254902
0.0 -662.588235294
0.0 -666.603921569
0.0 -670.619607843
0.0 -674.635294118
0.0 -678.650980392
0.0 -682.666666667
0.0 -686.682352941
0.0 -690.698039216
0.0 -694.71372549
0.0 -698.729411765
0.0 -702.745098039
0.0 -706.760784314
0.0 -710.776470588
0.0 -714.792156863
0.0 -718.807843137
0.0 -722.823529412
0.0 -726.839215686
0.0 -730.854901961
0.0 -734.870588235
0.0 -738.88627451
0.0 -742.901960784
0.0 -746.917647059
0.0 -750.933333333
0.0 -754.949019608
0.0 -758.964705882
0.0 -762.980392157
0.0 -766.996078431
0.0 -771.011764706
0.0 -775.02745098
0.0 -779.043137255
0.0 -783.058823529
0.0 -787.074509804
0.0 -791.090196078
0.0 -795.105882353
0.0 -799.121568627
0.0 -803.137254902
0.0 -807.152941176
0.0 -811.168627451
0.0 -815.184313725
0.0 -819.2
0.0 -823.215686275
0.0 -827.231372549
0.0 -831.247058824
0.0 -835.262745098
0.0 -839.278431373
0.0 -843.294117647
0.0 -847.309803922
0.0 -851.325490196
0.0 -855.341176471
0.0 -859.356862745
0.0 -863.37254902
0.0 -867.388235294
0.0 -871.403921569
0.0 -875.419607843
0.0 -879.435294118
0.0 -883.450980392
0.0 -887.466666667
0.0 -891.482352941
0.0 -895.498039216
0.0 -899.51372549
0.0 -903.529411765
0.0 -907.545098039
0.0 -911.560784314
0.0 -915.576470588
0.0 -919.592156863
0.0 -923.607843137
0.0 -927.623529412
0.0 -931.639215686
0.0 -935.654901961
0.0 -939.670588235
0.0 -943.68627451
0.0 -947.701960784
0.0 -951.717647059
0.0 -955.733333333
0.0 -959.749019608
0.0 -963.764705882
0.0 -967.780392157
0.0 -971.796078431
0.0 -975.811764706
0.0 -979.82745098
0.0 -983.843137255
0.0 -987.858823529
0.0 -991.874509804
0.0 -995.890196078
0.0 -999.905882353
0.0 -1003.92156863
0.0 -1007.9372549
0.0 -1011.95294118
0.0 -1015.96862745
0.0 -1019.98431373
0.0 -1024.0
END GESTURE
Gesture Name: Diagonal Top Left to Bottom Right
0.0 0.0
4.01568627451 4.01568627451
8.03137254902 8.03137254902
12.0470588235 12.0470588235
16.062745098 16.062745098
20.0784313725 20.0784313725
24.0941176471 24.0941176471
28.1098039216 28.1098039216
32.1254901961 32.1254901961
36.1411764706 36.1411764706
40.1568627451 40.1568627451
44.1725490196 44.1725490196
48.1882352941 48.1882352941
52.2039215686 52.2039215686
56.2196078431 56.2196078431
60.2352941176 60.2352941176
64.2509803922 64.2509803922
68.2666666667 68.2666666667
72.2823529412 72.2823529412
76.2980392157 76.2980392157
80.3137254902 80.3137254902
84.3294117647 84.3294117647
88.3450980392 88.3450980392
92.3607843137 92.3607843137
96.3764705882 96.3764705882
100.392156863 100.392156863
104.407843137 104.407843137
108.423529412 108.423529412
112.439215686 112.439215686
116.454901961 116.454901961
120.470588235 120.470588235
124.48627451 124.48627451
128.501960784 128.501960784
132.517647059 132.517647059
136.533333333 136.533333333
140.549019608 140.549019608
144.564705882 144.564705882
148.580392157 148.580392157
152.596078431 152.596078431
156.611764706 156.611764706
160.62745098 160.62745098
164.643137255 164.643137255
168.658823529 168.658823529
172.674509804 172.674509804
176.690196078 176.690196078
180.705882353 180.705882353
184.721568627 184.721568627
188.737254902 188.737254902
192.752941176 192.752941176
196.768627451 196.768627451
200.784313725 200.784313725
204.8 204.8
208.815686275 208.815686275
212.831372549 212.831372549
216.847058824 216.847058824
220.862745098 220.862745098
224.878431373 224.878431373
228.894117647 228.894117647
232.909803922 232.909803922
236.925490196 236.925490196
240.941176471 240.941176471
244.956862745 244.956862745
248.97254902 248.97254902
252.988235294 252.988235294
257.003921569 257.003921569
261.019607843 261.019607843
265.035294118 265.035294118
269.050980392 269.050980392
273.066666667 273.066666667
277.082352941 277.082352941
281.098039216 281.098039216
285.11372549 285.11372549
289.129411765 289.129411765
293.145098039 293.145098039
297.160784314 297.160784314
301.176470588 301.176470588
305.192156863 305.192156863
309.207843137 309.207843137
313.223529412 313.223529412
317.239215686 317.239215686
321.254901961 321.254901961
325.270588235 325.270588235
329.28627451 329.28627451
333.301960784 333.301960784
337.317647059 337.317647059
341.333333333 341.333333333
345.349019608 345.349019608
349.364705882 349.364705882
353.380392157 353.380392157
357.396078431 357.396078431
361.411764706 361.411764706
365.42745098 365.42745098
369.443137255 369.443137255
373.458823529 373.458823529
377.474509804 377.474509804
381.490196078 381.490196078
385.505882353 385.505882353
389.521568627 389.521568627
393.537254902 393.537254902
397.552941176 397.552941176
401.568627451 401.568627451
405.584313725 405.584313725
409.6 409.6
413.615686275 413.615686275
417.631372549 417.631372549
421.647058824 421.647058824
425.662745098 425.662745098
429.678431373 429.678431373
433.694117647 433.694117647
437.709803922 437.709803922
441.725490196 441.725490196
445.741176471 445.741176471
449.756862745 449.756862745
453.77254902 453.77254902
457.788235294 457.788235294
461.803921569 461.803921569
465.819607843 465.819607843
469.835294118 469.835294118
473.850980392 473.850980392
477.866666667 477.866666667
481.882352941 481.882352941
485.898039216 485.898039216
489.91372549 489.91372549
493.929411765 493.929411765
497.945098039 497.945098039
501.960784314 501.960784314
505.976470588 505.976470588
509.992156863 509.992156863
514.007843137 514.007843137
518.023529412 518.023529412
522.039215686 522.039215686
526.054901961 526.054901961
530.070588235 530.070588235
534.08627451 534.08627451
538.101960784 538.101960784
542.117647059 542.117647059
546.133333333 546.133333333
550.149019608 550.149019608
554.164705882 554.164705882
558.180392157 558.180392157
562.196078431 562.196078431
566.211764706 566.211764706
570.22745098 570.22745098
574.243137255 574.243137255
578.258823529 578.258823529
582.274509804 582.274509804
586.290196078 586.290196078
590.305882353 590.305882353
594.321568627 594.321568627
598.337254902 598.337254902
602.352941176 602.352941176
606.368627451 606.368627451
610.384313725 610.384313725
614.4 614.4
618.415686275 618.415686275
622.431372549 622.431372549
626.447058824 626.447058824
630.462745098 630.462745098
634.478431373 634.478431373
638.494117647 638.494117647
642.509803922 642.509803922
646.525490196 646.525490196
650.541176471 650.541176471
654.556862745 654.556862745
658.57254902 658.57254902
662.588235294 662.588235294
666.603921569 666.603921569
670.619607843 670.619607843
674.635294118 674.635294118
678.650980392 678.650980392
682.666666667 682.666666667
686.682352941 686.682352941
690.698039216 690.698039216
694.71372549 694.71372549
698.729411765 698.729411765
702.745098039 702.745098039
706.760784314 706.760784314
710.776470588 710.776470588
714.792156863 714.792156863
718.807843137 718.807843137
722.823529412 722.823529412
726.839215686 726.839215686
730.854901961 730.854901961
734.870588235 734.870588235
738.88627451 738.88627451
742.901960784 742.901960784
746.917647059 746.917647059
750.933333333 750.933333333
754.949019608 754.949019608
758.964705882 758.964705882
762.980392157 762.980392157
766.996078431 766.996078431
771.011764706 771.011764706
775.02745098 775.02745098
779.043137255 779.043137255
783.058823529 783.058823529
787.074509804 787.074509804
791.090196078 791.090196078
795.105882353 795.105882353
799.121568627 799.121568627
803.137254902 803.137254902
807.152941176 807.152941176
811.168627451 811.168627451
815.184313725 815.184313725
819.2 819.2
823.215686275 823.215686275
827.231372549 827.231372549
831.247058824 831.247058824
835.262745098 835.262745098
839.278431373 839.278431373
843.294117647 843.294117647
847.309803922 847.309803922
851.325490196 851.325490196
855.341176471 855.341176471
859.356862745 859.356862745
863.37254902 863.37254902
867.388235294 867.388235294
871.403921569 871.403921569
875.419607843 875.419607843
879.435294118 879.435294118
883.450980392 883.450980392
887.466666667 887.466666667
891.482352941 891.482352941
895.498039216 895.498039216
899.51372549 899.51372549
903.529411765 903.529411765
907.545098039 907.545098039
911.560784314 911.560784314
915.576470588 915.576470588
919.592156863 919.592156863
923.607843137 923.607843137
927.623529412 927.623529412
931.639215686 931.639215686
935.654901961 935.654901961
939.670588235 939.670588235
943.68627451 943.68627451
947.701960784 947.701960784
951.717647059 951.717647059
955.733333333 955.733333333
959.749019608 959.749019608
963.764705882 963.764705882
967.780392157 967.780392157
971.796078431 971.796078431
975.811764706 975.811764706
979.82745098 979.82745098
983.843137255 983.843137255
987.858823529 987.858823529
991.874509804 991.874509804
995.890196078 995.890196078
999.905882353 999.905882353
1003.92156863 1003.92156863
1007.9372549 1007.9372549
1011.95294118 1011.95294118
1015.96862745 1015.96862745
1019.98431373 1019.98431373
1024.0 1024.0
END GESTURE
Gesture Name: Diagonal Bottom Right to Top Left
0.0 0.0
-4.01568627451 -4.01568627451
-8.03137254902 -8.03137254902
-12.0470588235 -12.0470588235
-16.062745098 -16.062745098
-20.0784313725 -20.0784313725
-24.0941176471 -24.0941176471
-28.1098039216 -28.1098039216
-32.1254901961 -32.1254901961
-36.1411764706 -36.1411764706
-40.1568627451 -40.1568627451
-44.1725490196 -44.1725490196
-48.1882352941 -48.1882352941
-52.2039215686 -52.2039215686
-56.2196078431 -56.2196078431
-60.2352941176 -60.2352941176
-64.2509803922 -64.2509803922
-68.2666666667 -68.2666666667
-72.2823529412 -72.2823529412
-76.2980392157 -76.2980392157
-80.3137254902 -80.3137254902
-84.3294117647 -84.3294117647
-88.3450980392 -88.3450980392
-92.3607843137 -92.3607843137
-96.3764705882 -96.3764705882
-100.392156863 -100.392156863
-104.407843137 -104.407843137
-108.423529412 -108.423529412
-112.439215686 -112.439215686
-116.454901961 -116.454901961
-120.470588235 -120.470588235
-124.48627451 -124.48627451
-128.501960784 -128.501960784
-132.517647059 -132.517647059
-136.533333333 -136.533333333
-140.549019608 -140.549019608
-144.564705882 -144.564705882
-148.580392157 -148.580392157
-152.596078431 -152.596078431
-156.611764706 -156.611764706
-160.62745098 -160.62745098
-164.643137255 -164.643137255
-168.658823529 -168.658823529
-172.674509804 -172.674509804
-176.690196078 -176.690196078
-180.705882353 -180.705882353
-184.721568627 -184.721568627
-188.737254902 -188.737254902
-192.752941176 -192.752941176
-196.768627451 -196.768627451
-200.784313725 -200.784313725
-204.8 -204.8
-208.815686275 -208.815686275
-212.831372549 -212.831372549
-216.847058824 -216.847058824
-220.862745098 -220.862745098
-224.878431373 -224.878431373
-228.894117647 -228.894117647
-232.909803922 -232.909803922
-236.925490196 -236.925490196
-240.941176471 -240.941176471
-244.956862745 -244.956862745
-248.97254902 -248.97254902
-252.988235294 -252.988235294
-257.003921569 -257.003921569
-261.019607843 -261.019607843
-265.035294118 -265.035294118
-269.050980392 -269.050980392
-273.066666667 -273.066666667
-277.082352941 -277.082352941
-281.098039216 -281.098039216
-285.11372549 -285.11372549
-289.129411765 -289.129411765
-293.145098039 -293.145098039
-297.160784314 -297.160784314
-301.176470588 -301.176470588
-305.192156863 -305.192156863
-309.207843137 -309.207843137
-313.223529412 -313.223529412
-317.239215686 -317.239215686
-321.254901961 -321.254901961
-325.270588235 -325.270588235
-329.28627451 -329.28627451
-333.301960784 -333.301960784
-337.317647059 -337.317647059
-341.333333333 -341.333333333
-345.349019608 -345.349019608
-349.364705882 -349.364705882
-353.380392157 -353.380392157
-357.396078431 -357.396078431
-361.411764706 -361.411764706
-365.42745098 -365.42745098
-369.443137255 -369.443137255
-373.458823529 -373.458823529
-377.474509804 -377.474509804
-381.490196078 -381.490196078
-385.505882353 -385.505882353
-389.521568627 -389.521568627
-393.537254902 -393.537254902
-397.552941176 -397.552941176
-401.568627451 -401.568627451
-405.584313725 -405.584313725
-409.6 -409.6
-413.615686275 -413.615686275
-417.631372549 -417.631372549
-421.647058824 -421.647058824
-425.662745098 -425.662745098
-429.678431373 -429.678431373
-433.694117647 -433.694117647
-437.709803922 -437.709803922
-441.725490196 -441.725490196
-445.741176471 -445.741176471
-449.756862745 -449.756862745
-453.77254902 -453.77254902
-457.788235294 -457.788235294
-461.803921569 -461.803921569
-465.819607843 -465.819607843
-469.835294118 -469.835294118
-473.850980392 -473.850980392
-477.866666667 -477.866666667
-481.882352941 -481.882352941
-485.898039216 -485.898039216
-489.91372549 -489.91372549
-493.929411765 -493.929411765
-497.945098039 -497.945098039
-501.960784314 -501.960784314
-505.976470588 -505.976470588
-509.992156863 -509.992156863
-514.007843137 -514.007843137
-518.023529412 -518.023529412
-522.039215686 -522.039215686
-526.054901961 -526.054901961
-530.070588235 -530.070588235
-534.08627451 -534.08627451
-538.101960784 -538.101960784
-542.117647059 -542.117647059
-546.133333333 -546.133333333
-550.149019608 -550.149019608
-554.164705882 -554.164705882
-558.180392157 -558.180392157
-562.196078431 -562.196078431
-566.211764706 -566.211764706
-570.22745098 -570.22745098
-574.243137255 -574.243137255
-578.258823529 -578.258823529
-582.274509804 -582.274509804
-586.290196078 -586.290196078
-590.305882353 -590.305882353
-594.321568627 -594.321568627
-598.337254902 -598.337254902
-602.352941176 -602.352941176
-606.368627451 -606.368627451
-610.384313725 -610.384313725
-614.4 -614.4
-618.415686275 -618.415686275
-622.431372549 -622.431372549
-626.447058824 -626.447058824
-630.462745098 -630.462745098
-634.478431373 -634.478431373
-638.494117647 -638.494117647
-642.509803922 -642.509803922
-646.525490196 -646.525490196
-650.541176471 -650.541176471
-654.556862745 -654.556862745
-658.57254902 -658.57254902
-662.588235294 -662.588235294
-666.603921569 -666.603921569
-670.619607843 -670.619607843
-674.635294118 -674.635294118
-678.650980392 -678.650980392
-682.666666667 -682.666666667
-686.682352941 -686.682352941
-690.698039216 -690.698039216
-694.71372549 -694.71372549
-698.729411765 -698.729411765
-702.745098039 -702.745098039
-706.760784314 -706.760784314
-710.776470588 -710.776470588
-714.792156863 -714.792156863
-718.807843137 -718.807843137
-722.823529412 -722.823529412
-726.839215686 -726.839215686
-730.854901961 -730.854901961
-734.870588235 -734.870588235
-738.88627451 -738.88627451
-742.901960784 -742.901960784
-746.917647059 -746.917647059
-750.933333333 -750.933333333
-754.949019608 -754.949019608
-758.964705882 -758.964705882
-762.980392157 -762.980392157
-766.996078431 -766.996078431
-771.011764706 -771.011764706
-775.02745098 -775.02745098
-779.043137255 -779.043137255
-783.058823529 -783.058823529
-787.074509804 -787.074509804
-791.090196078 -791.090196078
-795.105882353 -795.105882353
-799.121568627 -799.121568627
-803.137254902 -803.137254902
-807.152941176 -807.152941176
-811.168627451 -811.168627451
-815.184313725 -815.184313725
-819.2 -819.2
-823.215686275 -823.215686275
-827.231372549 -827.231372549
-831.247058824 -831.247058824
-835.262745098 -835.262745098
-839.278431373 -839.278431373
-843.294117647 -843.294117647
-847.309803922 -847.309803922
-851.325490196 -851.325490196
-855.341176471 -855.341176471
-859.356862745 -859.356862745
-863.37254902 -863.37254902
-867.388235294 -867.388235294
-871.403921569 -871.403921569
-875.419607843 -875.419607843
-879.435294118 -879.435294118
-883.450980392 -883.450980392
-887.466666667 -887.466666667
-891.482352941 -891.482352941
-895.498039216 -895.498039216
-899.51372549 -899.51372549
-903.529411765 -903.529411765
-907.545098039 -907.545098039
-911.560784314 -911.560784314
-915.576470588 -915.576470588
-919.592156863 -919.592156863
-923.607843137 -923.607843137
-927.623529412 -927.623529412
-931.639215686 -931.639215686
-935.654901961 -935.654901961
-939.670588235 -939.670588235
-943.68627451 -943.68627451
-947.701960784 -947.701960784
-951.717647059 -951.717647059
-955.733333333 -955.733333333
-959.749019608 -959.749019608
-963.764705882 -963.764705882
-967.780392157 -967.780392157
-971.796078431 -971.796078431
-975.811764706 -975.811764706
-979.82745098 -979.82745098
-983.843137255 -983.843137255
-987.858823529 -987.858823529
-991.874509804 -991.874509804
-995.890196078 -995.890196078
-999.905882353 -999.905882353
-1003.92156863 -1003.92156863
-1007.9372549 -1007.9372549
-1011.95294118 -1011.95294118
-1015.96862745 -1015.96862745
-1019.98431373 -1019.98431373
-1024.0 -1024.0
END GESTURE
Gesture Name: Diagonal Top Right to Bottom Left
0.0 0.0
-4.01568627451 4.01568627451
-8.03137254902 8.03137254902
-12.0470588235 12.0470588235
-16.062745098 16.062745098
-20.0784313725 20.0784313725
-24.0941176471 24.0941176471
-28.1098039216 28.1098039216
-32.1254901961 32.1254901961
-36.1411764706 36.1411764706
-40.1568627451 40.1568627451
-44.1725490196 44.1725490196
-48.1882352941 48.1882352941
-52.2039215686 52.2039215686
-56.2196078431 56.2196078431
-60.2352941176 60.2352941176
-64.2509803922 64.2509803922
-68.2666666667 68.2666666667
-72.2823529412 72.2823529412
-76.2980392157 76.2980392157
-80.3137254902 80.3137254902
-84.3294117647 84.3294117647
-88.3450980392 88.3450980392
-92.3607843137 92.3607843137
-96.3764705882 96.3764705882
-100.392156863 100.392156863
-104.407843137 104.407843137
-108.423529412 108.423529412
-112.439215686 112.439215686
-116.454901961 116.454901961
-120.470588235 120.470588235
-124.48627451 124.48627451
-128.501960784 128.501960784
-132.517647059 132.517647059
-136.533333333 136.533333333
-140.549019608 140.549019608
-144.564705882 144.564705882
-148.580392157 148.580392157
-152.596078431 152.596078431
-156.611764706 156.611764706
-160.62745098 160.62745098
-164.643137255 164.643137255
-168.658823529 168.658823529
-172.674509804 172.674509804
-176.690196078 176.690196078
-180.705882353 180.705882353
-184.721568627 184.721568627
-188.737254902 188.737254902
-192.752941176 192.752941176
-196.768627451 196.768627451
-200.784313725 200.784313725
-204.8 204.8
-208.815686275 208.815686275
-212.831372549 212.831372549
-216.847058824 216.847058824
-220.862745098 220.862745098
-224.878431373 224.878431373
-228.894117647 228.894117647
-232.909803922 232.909803922
-236.925490196 236.925490196
-240.941176471 240.941176471
-244.956862745 244.956862745
-248.97254902 248.97254902
-252.988235294 252.988235294
-257.003921569 257.003921569
-261.019607843 261.019607843
-265.035294118 265.035294118
-269.050980392 269.050980392
-273.066666667 273.066666667
-277.082352941 277.082352941
-281.098039216 281.098039216
-285.11372549 285.11372549
-289.129411765 289.129411765
-293.145098039 293.145098039
-297.160784314 297.160784314
-301.176470588 301.176470588
-305.192156863 305.192156863
-309.207843137 309.207843137
-313.223529412 313.223529412
-317.239215686 317.239215686
-321.254901961 321.254901961
-325.270588235 325.270588235
-329.28627451 329.28627451
-333.301960784 333.301960784
-337.317647059 337.317647059
-341.333333333 341.333333333
-345.349019608 345.349019608
-349.364705882 349.364705882
-353.380392157 353.380392157
-357.396078431 357.396078431
-361.411764706 361.411764706
-365.42745098 365.42745098
-369.443137255 369.443137255
-373.458823529 373.458823529
-377.474509804 377.474509804
-381.490196078 381.490196078
-385.505882353 385.505882353
-389.521568627 389.521568627
-393.537254902 393.537254902
-397.552941176 397.552941176
-401.568627451 401.568627451
-405.584313725 405.584313725
-409.6 409.6
-413.615686275 413.615686275
-417.631372549 417.631372549
-421.647058824 421.647058824
-425.662745098 425.662745098
-429.678431373 429.678431373
-433.694117647 433.694117647
-437.709803922 437.709803922
-441.725490196 441.725490196
-445.741176471 445.741176471
-449.756862745 449.756862745
-453.77254902 453.77254902
-457.788235294 457.788235294
-461.803921569 461.803921569
-465.819607843 465.819607843
-469.835294118 469.835294118
-473.850980392 473.850980392
-477.866666667 477.866666667
-481.882352941 481.882352941
-485.898039216 485.898039216
-489.91372549 489.91372549
-493.929411765 493.929411765
-497.945098039 497.945098039
-501.960784314 501.960784314
-505.976470588 505.976470588
-509.992156863 509.992156863
-514.007843137 514.007843137
-518.023529412 518.023529412
-522.039215686 522.039215686
-526.054901961 526.054901961
-530.070588235 530.070588235
-534.08627451 534.08627451
-538.101960784 538.101960784
-542.117647059 542.117647059
-546.133333333 546.133333333
-550.149019608 550.149019608
-554.164705882 554.164705882
-558.180392157 558.180392157
-562.196078431 562.196078431
-566.211764706 566.211764706
-570.22745098 570.22745098
-574.243137255 574.243137255
-578.258823529 578.258823529
-582.274509804 582.274509804
-586.290196078 586.290196078
-590.305882353 590.305882353
-594.321568627 594.321568627
-598.337254902 598.337254902
-602.352941176 602.352941176
-606.368627451 606.368627451
-610.384313725 610.384313725
-614.4 614.4
-618.415686275 618.415686275
-622.431372549 622.431372549
-626.447058824 626.447058824
-630.462745098 630.462745098
-634.478431373 634.478431373
-638.494117647 638.494117647
-642.509803922 642.509803922
-646.525490196 646.525490196
-650.541176471 650.541176471
-654.556862745 654.556862745
-658.57254902 658.57254902
-662.588235294 662.588235294
-666.603921569 666.603921569
-670.619607843 670.619607843
-674.635294118 674.635294118
-678.650980392 678.650980392
-682.666666667 682.666666667
-686.682352941 686.682352941
-690.698039216 690.698039216
-694.71372549 694.71372549
-698.729411765 698.729411765
-702.745098039 702.745098039
-706.760784314 706.760784314
-710.776470588 710.776470588
-714.792156863 714.792156863
-718.807843137 718.807843137
-722.823529412 722.823529412
-726.839215686 726.839215686
-730.854901961 730.854901961
-734.870588235 734.870588235
-738.88627451 738.88627451
-742.901960784 742.901960784
-746.917647059 746.917647059
-750.933333333 750.933333333
-754.949019608 754.949019608
-758.964705882 758.964705882
-762.980392157 762.980392157
-766.996078431 766.996078431
-771.011764706 771.011764706
-775.02745098 775.02745098
-779.043137255 779.043137255
-783.058823529 783.058823529
-787.074509804 787.074509804
-791.090196078 791.090196078
-795.105882353 795.105882353
-799.121568627 799.121568627
-803.137254902 803.137254902
-807.152941176 807.152941176
-811.168627451 811.168627451
-815.184313725 815.184313725
-819.2 819.2
-823.215686275 823.215686275
-827.231372549 827.231372549
-831.247058824 831.247058824
-835.262745098 835.262745098
-839.278431373 839.278431373
-843.294117647 843.294117647
-847.309803922 847.309803922
-851.325490196 851.325490196
-855.341176471 855.341176471
-859.356862745 859.356862745
-863.37254902 863.37254902
-867.388235294 867.388235294
-871.403921569 871.403921569
-875.419607843 875.419607843
-879.435294118 879.435294118
-883.450980392 883.450980392
-887.466666667 887.466666667
-891.482352941 891.482352941
-895.498039216 895.498039216
-899.51372549 899.51372549
-903.529411765 903.529411765
-907.545098039 907.545098039
-911.560784314 911.560784314
-915.576470588 915.576470588
-919.592156863 919.592156863
-923.607843137 923.607843137
-927.623529412 927.623529412
-931.639215686 931.639215686
-935.654901961 935.654901961
-939.670588235 939.670588235
-943.68627451 943.68627451
-947.701960784 947.701960784
-951.717647059 951.717647059
-955.733333333 955.733333333
-959.749019608 959.749019608
-963.764705882 963.764705882
-967.780392157 967.780392157
-971.796078431 971.796078431
-975.811764706 975.811764706
-979.82745098 979.82745098
-983.843137255 983.843137255
-987.858823529 987.858823529
-991.874509804 991.874509804
-995.890196078 995.890196078
-999.905882353 999.905882353
-1003.92156863 1003.92156863
-1007.9372549 1007.9372549
-1011.95294118 1011.95294118
-1015.96862745 1015.96862745
-1019.98431373 1019.98431373
-1024.0 1024.0
END GESTURE
Gesture Name: Diagonal Bottom Left to Top Right
0.0 0.0
4.01568627451 -4.01568627451
8.03137254902 -8.03137254902
12.0470588235 -12.0470588235
16.062745098 -16.062745098
20.0784313725 -20.0784313725
24.0941176471 -24.0941176471
28.1098039216 -28.1098039216
32.1254901961 -32.1254901961
36.1411764706 -36.1411764706
40.1568627451 -40.1568627451
44.1725490196 -44.1725490196
48.1882352941 -48.1882352941
52.2039215686 -52.2039215686
56.2196078431 -56.2196078431
60.2352941176 -60.2352941176
64.2509803922 -64.2509803922
68.2666666667 -68.2666666667
72.2823529412 -72.2823529412
76.2980392157 -76.2980392157
80.3137254902 -80.3137254902
84.3294117647 -84.3294117647
88.3450980392 -88.3450980392
92.3607843137 -92.3607843137
96.3764705882 -96.3764705882
100.392156863 -100.392156863
104.407843137 -104.407843137
108.423529412 -108.423529412
112.439215686 -112.439215686
116.454901961 -116.454901961
120.470588235 -120.470588235
124.48627451 -124.48627451
128.501960784 -128.501960784
132.517647059 -132.517647059
136.533333333 -136.533333333
140.549019608 -140.549019608
144.564705882 -144.564705882
148.580392157 -148.580392157
152.596078431 -152.596078431
156.611764706 -156.611764706
160.62745098 -160.62745098
164.643137255 -164.643137255
168.658823529 -168.658823529
172.674509804 -172.674509804
176.690196078 -176.690196078
180.705882353 -180.705882353
184.721568627 -184.721568627
188.737254902 -188.737254902
192.752941176 -192.752941176
196.768627451 -196.768627451
200.784313725 -200.784313725
204.8 -204.8
208.815686275 -208.815686275
212.831372549 -212.831372549
216.847058824 -216.847058824
220.862745098 -220.862745098
224.878431373 -224.878431373
228.894117647 -228.894117647
232.909803922 -232.909803922
236.925490196 -236.925490196
240.941176471 -240.941176471
244.956862745 -244.956862745
248.97254902 -248.97254902
252.988235294 -252.988235294
257.003921569 -257.003921569
261.019607843 -261.019607843
265.035294118 -265.035294118
269.050980392 -269.050980392
273.066666667 -273.066666667
277.082352941 -277.082352941
281.098039216 -281.098039216
285.11372549 -285.11372549
289.129411765 -289.129411765
293.145098039 -293.145098039
297.160784314 -297.160784314
301.176470588 -301.176470588
305.192156863 -305.192156863
309.207843137 -309.207843137
313.223529412 -313.223529412
317.239215686 -317.239215686
321.254901961 -321.254901961
325.270588235 -325.270588235
329.28627451 -329.28627451
333.301960784 -333.301960784
337.317647059 -337.317647059
341.333333333 -341.333333333
345.349019608 -345.349019608
349.364705882 -349.364705882
353.380392157 -353.380392157
357.396078431 -357.396078431
361.411764706 -361.411764706
365.42745098 -365.42745098
369.443137255 -369.443137255
373.458823529 -373.458823529
377.474509804 -377.474509804
381.490196078 -381.490196078
385.505882353 -385.505882353
389.521568627 -389.521568627
393.537254902 -393.537254902
397.552941176 -397.552941176
401.568627451 -401.568627451
405.584313725 -405.584313725
409.6 -409.6
413.615686275 -413.615686275
417.631372549 -417.631372549
421.647058824 -421.647058824
425.662745098 -425.662745098
429.678431373 -429.678431373
433.694117647 -433.694117647
437.709803922 -437.709803922
441.725490196 -441.725490196
445.741176471 -445.741176471
449.756862745 -449.756862745
453.77254902 -453.77254902
457.788235294 -457.788235294
461.803921569 -461.803921569
465.819607843 -465.819607843
469.835294118 -469.835294118
473.850980392 -473.850980392
477.866666667 -477.866666667
481.882352941 -481.882352941
485.898039216 -485.898039216
489.91372549 -489.91372549
493.929411765 -493.929411765
497.945098039 -497.945098039
501.960784314 -501.960784314
505.976470588 -505.976470588
509.992156863 -509.992156863
514.007843137 -514.007843137
518.023529412 -518.023529412
522.039215686 -522.039215686
526.054901961 -526.054901961
530.070588235 -530.070588235
534.08627451 -534.08627451
538.101960784 -538.101960784
542.117647059 -542.117647059
546.133333333 -546.133333333
550.149019608 -550.149019608
554.164705882 -554.164705882
558.180392157 -558.180392157
562.196078431 -562.196078431
566.211764706 -566.211764706
570.22745098 -570.22745098
574.243137255 -574.243137255
578.258823529 -578.258823529
582.274509804 -582.274509804
586.290196078 -586.290196078
590.305882353 -590.305882353
594.321568627 -594.321568627
598.337254902 -598.337254902
602.352941176 -602.352941176
606.368627451 -606.368627451
610.384313725 -610.384313725
614.4 -614.4
618.415686275 -618.415686275
622.431372549 -622.431372549
626.447058824 -626.447058824
630.462745098 -630.462745098
634.478431373 -634.478431373
638.494117647 -638.494117647
642.509803922 -642.509803922
646.525490196 -646.525490196
650.541176471 -650.541176471
654.556862745 -654.556862745
658.57254902 -658.57254902
662.588235294 -662.588235294
666.603921569 -666.603921569
670.619607843 -670.619607843
674.635294118 -674.635294118
678.650980392 -678.650980392
682.666666667 -682.666666667
686.682352941 -686.682352941
690.698039216 -690.698039216
694.71372549 -694.71372549
698.729411765 -698.729411765
702.745098039 -702.745098039
706.760784314 -706.760784314
710.776470588 -710.776470588
714.792156863 -714.792156863
718.807843137 -718.807843137
722.823529412 -722.823529412
726.839215686 -726.839215686
730.854901961 -730.854901961
734.870588235 -734.870588235
738.88627451 -738.88627451
742.901960784 -742.901960784
746.917647059 -746.917647059
750.933333333 -750.933333333
754.949019608 -754.949019608
758.964705882 -758.964705882
762.980392157 -762.980392157
766.996078431 -766.996078431
771.011764706 -771.011764706
775.02745098 -775.02745098
779.043137255 -779.043137255
783.058823529 -783.058823529
787.074509804 -787.074509804
791.090196078 -791.090196078
795.105882353 -795.105882353
799.121568627 -799.121568627
803.137254902 -803.137254902
807.152941176 -807.152941176
811.168627451 -811.168627451
815.184313725 -815.184313725
819.2 -819.2
823.215686275 -823.215686275
827.231372549 -827.231372549
831.247058824 -831.247058824
835.262745098 -835.262745098
839.278431373 -839.278431373
843.294117647 -843.294117647
847.309803922 -847.309803922
851.325490196 -851.325490196
855.341176471 -855.341176471
859.356862745 -859.356862745
863.37254902 -863.37254902
867.388235294 -867.388235294
871.403921569 -871.403921569
875.419607843 -875.419607843
879.435294118 -879.435294118
883.450980392 -883.450980392
887.466666667 -887.466666667
891.482352941 -891.482352941
895.498039216 -895.498039216
899.51372549 -899.51372549
903.529411765 -903.529411765
907.545098039 -907.545098039
911.560784314 -911.560784314
915.576470588 -915.576470588
919.592156863 -919.592156863
923.607843137 -923.607843137
927.623529412 -927.623529412
931.639215686 -931.639215686
935.654901961 -935.654901961
939.670588235 -939.670588235
943.68627451 -943.68627451
947.701960784 -947.701960784
951.717647059 -951.717647059
955.733333333 -955.733333333
959.749019608 -959.749019608
963.764705882 -963.764705882
967.780392157 -967.780392157
971.796078431 -971.796078431
975.811764706 -975.811764706
979.82745098 -979.82745098
983.843137255 -983.843137255
987.858823529 -987.858823529
991.874509804 -991.874509804
995.890196078 -995.890196078
999.905882353 -999.905882353
1003.92156863 -1003.92156863
1007.9372549 -1007.9372549
1011.95294118 -1011.95294118
1015.96862745 -1015.96862745
1019.98431373 -1019.98431373
1024.0 -1024.0
END GESTURE
Gesture Name: CW Circle
0.0 0.0
-0.155422484827 12.6148526579
-0.621595582932 25.2220468886
-1.39823628247 37.8139289145
-2.48487308795 50.3828542537
-3.88084630646 62.9211923614
-5.58530844818 75.4213312621
-7.59722474089 87.8756821709
-9.91537375817 100.276684101
-12.5383481609 112.616808452
-15.4645555517 124.888563585
-18.6922194417 137.084499365
-22.2193803289 149.197211687
-26.0438968878 161.219346972
-30.1634472696 173.14360663
-34.5755305115 184.962751489
-39.2774680553 196.669606193
-44.2664053732 208.257063557
-49.5393137012 219.718088882
-55.0929918775 231.045724224
-60.924068286 242.233092621
-67.0290029032 253.273402265
-73.4040894477 264.159950629
-80.0454576294 274.886128532
-86.9490755001 285.445424154
-94.1107519007 295.831426988
-101.526139006 306.037831732
-109.190734963 316.05844212
-117.099886627 325.887174677
-125.248792382 335.518062421
-133.632505061 344.945258475
-142.245934944 354.163039628
-151.083852852 363.1658098
-160.140893321 371.948103446
-169.411557856 380.504588869
-178.890218274 388.830071462
-188.571120119 396.919496856
-198.448386151 404.767953994
-208.516019924 412.370678109
-218.767909415 419.723053616
-229.197830743 426.820616917
-239.799451944 433.65905911
-250.566336817 440.234228604
-261.491948827 446.542133639
-272.569655079 452.578944711
-283.792730341 458.340996897
-295.154361129 463.824792076
-306.647649842 469.027001058
-318.265618949 473.944465604
-330.001215227 478.574200339
-341.847314043 482.91339457
-353.796723676 486.95941399
-365.842189688 490.709802276
-377.976399323 494.162282582
-390.191985951 497.314758921
-402.481533537 500.165317437
-414.837581146 502.712227568
-427.25262747 504.953943093
-439.719135384 506.889103078
-452.22953652 508.516532693
-464.776235862 509.835243932
-477.35161636 510.844436212
-489.94804355 511.543496855
-502.55787019 511.932001465
-515.173440905 512.009714182
-527.787096832 511.776587826
-540.391180269 511.232763929
-552.978039328 510.378572643
-565.540032577 509.214532545
-578.069533679 507.741350318
-590.558936023 505.959920326
-603.000657343 503.871324067
-615.387144318 501.476829521
-627.710877163 498.777890376
-639.964374186 495.776145146
-652.140196339 492.47341618
-664.230951729 488.871708551
-676.229300104 484.973208841
-688.127957316 480.780283815
-699.919699737 476.295478981
-711.597368647 471.521517045
-723.153874579 466.461296261
-734.582201624 461.11788867
-745.875411689 455.494538232
-757.026648713 449.594658862
-768.029142822 443.421832354
-778.876214446 436.979806204
-789.561278371 430.272491344
-800.077847737 423.303959755
-810.419537977 416.078442007
-820.58007069 408.600324683
-830.553277458 400.874147718
-840.333103586 392.904601644
-849.913611781 384.696524741
-859.288985754 376.254900099
-868.453533752 367.584852595
-877.401692016 358.691645782
-886.128028152 349.580678689
-894.627244437 340.257482549
-902.894181031 330.727717437
-910.923819109 320.997168837
-918.711283909 311.071744125
-926.251847693 300.957468988
-933.540932614 290.660483761
-940.574113497 280.187039705
-947.347120526 269.543495206
-953.855841835 258.736311916
-960.096326005 247.772050836
-966.064784464 236.657368323
-971.757593783 225.399012058
-977.17129788 214.003816945
-982.302610118 202.47870096
-987.148415297 190.830660958
-991.705771547 179.066768416
-995.971912115 167.194165147
-999.944247046 155.220058962
-1003.62036475 143.151719293
-1006.99803347 130.996472782
-1010.07520263 118.76169883
-1012.85000411 106.454825121
-1015.32075333 94.0833231084
-1017.4859503 81.6547034825
-1019.34428054 69.1765116092
-1020.89461588 56.6563229494
-1022.1360151 44.10173846
-1023.06772456 31.5203799796
-1023.68917862 18.9198856012
-1024.0 6.30790503514
-1024.0 -6.30790503514
-1023.68917862 -18.9198856012
-1023.06772456 -31.5203799796
-1022.1360151 -44.10173846
-1020.89461588 -56.6563229494
-1019.34428054 -69.1765116092
-1017.4859503 -81.6547034825
-1015.32075333 -94.0833231084
-1012.85000411 -106.454825121
-1010.07520263 -118.76169883
-1006.99803347 -130.996472782
-1003.62036475 -143.151719293
-999.944247046 -155.220058962
-995.971912115 -167.194165147
-991.705771547 -179.066768416
-987.148415297 -190.830660958
-982.302610118 -202.47870096
-977.17129788 -214.003816945
-971.757593783 -225.399012058
-966.064784464 -236.657368323
-960.096326005 -247.772050836
-953.855841835 -258.736311916
-947.347120526 -269.543495206
-940.574113497 -280.187039705
-933.540932614 -290.660483761
-926.251847693 -300.957468988
-918.711283909 -311.071744125
-910.923819109 -320.997168837
-902.894181031 -330.727717437
-894.627244437 -340.257482549
-886.128028152 -349.580678689
-877.401692016 -358.691645782
-868.453533752 -367.584852595
-859.288985754 -376.254900099
-849.913611781 -384.696524741
-840.333103586 -392.904601644
-830.553277458 -400.874147718
-820.58007069 -408.600324683
-810.419537977 -416.078442007
-800.077847737 -423.303959755
-789.561278371 -430.272491344
-778.876214446 -436.979806204
-768.029142822 -443.421832354
-757.026648713 -449.594658862
-745.875411689 -455.494538232
-734.582201624 -461.11788867
-723.153874579 -466.461296261
-711.597368647 -471.521517045
-699.919699737 -476.295478981
-688.127957316 -480.780283815
-676.229300104 -484.973208841
-664.230951729 -488.871708551
-652.140196339 -492.47341618
-639.964374186 -495.776145146
-627.710877163 -498.777890376
-615.387144318 -501.476829521
-603.000657343 -503.871324067
-590.558936023 -505.959920326
-578.069533679 -507.741350318
-565.540032577 -509.214532545
-552.978039328 -510.378572643
-540.391180269 -511.232763929
-527.787096832 -511.776587826
-515.173440905 -512.009714182
-502.55787019 -511.932001465
-489.94804355 -511.543496855
-477.35161636 -510.844436212
-464.776235862 -509.835243932
-452.22953652 -508.516532693
-439.719135384 -506.889103078
-427.25262747 -504.953943093
-414.837581146 -502.712227568
-402.481533537 -500.165317437
-390.191985951 -497.314758921
-377.976399323 -494.162282582
-365.842189688 -490.709802276
-353.796723676 -486.95941399
-341.847314043 -482.91339457
-330.001215227 -478.574200339
-318.265618949 -473.944465604
-306.647649842 -469.027001058
-295.154361129 -463.824792076
-283.792730341 -458.340996897
-272.569655079 -452.578944711
-261.491948827 -446.542133639
-250.566336817 -440.234228604
-239.799451944 -433.65905911
-229.197830743 -426.820616917
-218.767909415 -419.723053616
-208.516019924 -412.370678109
-198.448386151 -404.767953994
-188.571120119 -396.919496856
-178.890218274 -388.830071462
-169.411557856 -380.504588869
-160.140893321 -371.948103446
-151.083852852 -363.1658098
-142.245934944 -354.163039628
-133.632505061 -344.945258475
-125.248792382 -335.518062421
-117.099886627 -325.887174677
-109.190734963 -316.05844212
-101.526139006 -306.037831732
-94.1107519007 -295.831426988
-86.9490755001 -285.445424154
-80.0454576294 -274.886128532
-73.4040894477 -264.159950629
-67.0290029032 -253.273402265
-60.924068286 -242.233092621
-55.0929918775 -231.045724224
-49.5393137012 -219.718088882
-44.2664053732 -208.257063557
-39.2774680553 -196.669606193
-34.5755305115 -184.962751489
-30.1634472696 -173.14360663
-26.0438968878 -161.219346972
-22.2193803289 -149.197211687
-18.6922194417 -137.084499365
-15.4645555517 -124.888563585
-12.5383481609 -112.616808452
-9.91537375817 -100.276684101
-7.59722474089 -87.8756821709
-5.58530844818 -75.4213312621
-3.88084630646 -62.9211923614
-2.48487308795 -50.3828542537
-1.39823628247 -37.8139289145
-0.621595582932 -25.2220468886
-0.155422484827 -12.6148526579
0.0 -1.25408590854e-13
END GESTURE
Gesture Name: CCW Circle
0.0 0.0
-0.155422484827 -12.6148526579
-0.621595582932 -25.2220468886
-1.39823628247 -37.8139289145
-2.48487308795 -50.3828542537
-3.88084630646 -62.9211923614
-5.58530844818 -75.4213312621
-7.59722474089 -87.8756821709
-9.91537375817 -100.276684101
-12.5383481609 -112.616808452
-15.4645555517 -124.888563585
-18.6922194417 -137.084499365
-22.2193803289 -149.197211687
-26.0438968878 -161.219346972
-30.1634472696 -173.14360663
-34.5755305115 -184.962751489
-39.2774680553 -196.669606193
-44.2664053732 -208.257063557
-49.5393137012 -219.718088882
-55.0929918775 -231.045724224
-60.924068286 -242.233092621
-67.0290029032 -253.273402265
-73.4040894477 -264.159950629
-80.0454576294 -274.886128532
-86.9490755001 -285.445424154
-94.1107519007 -295.831426988
-101.526139006 -306.037831732
-109.190734963 -316.05844212
-117.099886627 -325.887174677
-125.248792382 -335.518062421
-133.632505061 -344.945258475
-142.245934944 -354.163039628
-151.083852852 -363.1658098
-160.140893321 -371.948103446
-169.411557856 -380.504588869
-178.890218274 -388.830071462
-188.571120119 -396.919496856
-198.448386151 -404.767953994
-208.516019924 -412.370678109
-218.767909415 -419.723053616
-229.197830743 -426.820616917
-239.799451944 -433.65905911
-250.566336817 -440.234228604
-261.491948827 -446.542133639
-272.569655079 -452.578944711
-283.792730341 -458.340996897
-295.154361129 -463.824792076
-306.647649842 -469.027001058
-318.265618949 -473.944465604
-330.001215227 -478.574200339
-341.847314043 -482.91339457
-353.796723676 -486.95941399
-365.842189688 -490.709802276
-377.976399323 -494.162282582
-390.191985951 -497.314758921
-402.481533537 -500.165317437
-414.837581146 -502.712227568
-427.25262747 -504.953943093
-439.719135384 -506.889103078
-452.22953652 -508.516532693
-464.776235862 -509.835243932
-477.35161636 -510.844436212
-489.94804355 -511.543496855
-502.55787019 -511.932001465
-515.173440905 -512.009714182
-527.787096832 -511.776587826
-540.391180269 -511.232763929
-552.978039328 -510.378572643
-565.540032577 -509.214532545
-578.069533679 -507.741350318
-590.558936023 -505.959920326
-603.000657343 -503.871324067
-615.387144318 -501.476829521
-627.710877163 -498.777890376
-639.964374186 -495.776145146
-652.140196339 -492.47341618
-664.230951729 -488.871708551
-676.229300104 -484.973208841
-688.127957316 -480.780283815
-699.919699737 -476.295478981
-711.597368647 -471.521517045
-723.153874579 -466.461296261
-734.582201624 -461.11788867
-745.875411689 -455.494538232
-757.026648713 -449.594658862
-768.029142822 -443.421832354
-778.876214446 -436.979806204
-789.561278371 -430.272491344
-800.077847737 -423.303959755
-810.419537977 -416.078442007
-820.58007069 -408.600324683
-830.553277458 -400.874147718
-840.333103586 -392.904601644
-849.913611781 -384.696524741
-859.288985754 -376.254900099
-868.453533752 -367.584852595
-877.401692016 -358.691645782
-886.128028152 -349.580678689
-894.627244437 -340.257482549
-902.894181031 -330.727717437
-910.923819109 -320.997168837
-918.711283909 -311.071744125
-926.251847693 -300.957468988
-933.540932614 -290.660483761
-940.574113497 -280.187039705
-947.347120526 -269.543495206
-953.855841835 -258.736311916
-960.096326005 -247.772050836
-966.064784464 -236.657368323
-971.757593783 -225.399012058
-977.17129788 -214.003816945
-982.302610118 -202.47870096
-987.148415297 -190.830660958
-991.705771547 -179.066768416
-995.971912115 -167.194165147
-999.944247046 -155.220058962
-1003.62036475 -143.151719293
-1006.99803347 -130.996472782
-1010.07520263 -118.76169883
-1012.85000411 -106.454825121
-1015.32075333 -94.0833231084
-1017.4859503 -81.6547034825
-1019.34428054 -69.1765116092
-1020.89461588 -56.6563229494
-1022.1360151 -44.10173846
-1023.06772456 -31.5203799796
-1023.68917862 -18.9198856012
-1024.0 -6.30790503514
-1024.0 6.30790503514
-1023.68917862 18.9198856012
-1023.06772456 31.5203799796
-1022.1360151 44.10173846
-1020.89461588 56.6563229494
-1019.34428054 69.1765116092
-1017.4859503 81.6547034825
-1015.32075333 94.0833231084
-1012.85000411 106.454825121
-1010.07520263 118.76169883
-1006.99803347 130.996472782
-1003.62036475 143.151719293
-999.944247046 155.220058962
-995.971912115 167.194165147
-991.705771547 179.066768416
-987.148415297 190.830660958
-982.302610118 202.47870096
-977.17129788 214.003816945
-971.757593783 225.399012058
-966.064784464 236.657368323
-960.096326005 247.772050836
-953.855841835 258.736311916
-947.347120526 269.543495206
-940.574113497 280.187039705
-933.540932614 290.660483761
-926.251847693 300.957468988
-918.711283909 311.071744125
-910.923819109 320.997168837
-902.894181031 330.727717437
-894.627244437 340.257482549
-886.128028152 349.580678689
-877.401692016 358.691645782
-868.453533752 367.584852595
-859.288985754 376.254900099
-849.913611781 384.696524741
-840.333103586 392.904601644
-830.553277458 400.874147718
-820.58007069 408.600324683
-810.419537977 416.078442007
-800.077847737 423.303959755
-789.561278371 430.272491344
-778.876214446 436.979806204
-768.029142822 443.421832354
-757.026648713 449.594658862
-745.875411689 455.494538232
-734.582201624 461.11788867
-723.153874579 466.461296261
-711.597368647 471.521517045
-699.919699737 476.295478981
-688.127957316 480.780283815
-676.229300104 484.973208841
-664.230951729 488.871708551
-652.140196339 492.47341618
-639.964374186 495.776145146
-627.710877163 498.777890376
-615.387144318 501.476829521
-603.000657343 503.871324067
-590.558936023 505.959920326
-578.069533679 507.741350318
-565.540032577 509.214532545
-552.978039328 510.378572643
-540.391180269 511.232763929
-527.787096832 511.776587826
-515.173440905 512.009714182
-502.55787019 511.932001465
-489.94804355 511.543496855
-477.35161636 510.844436212
-464.776235862 509.835243932
-452.22953652 508.516532693
-439.719135384 506.889103078
-427.25262747 504.953943093
-414.837581146 502.712227568
-402.481533537 500.165317437
-390.191985951 497.314758921
-377.976399323 494.162282582
-365.842189688 490.709802276
-353.796723676 486.95941399
-341.847314043 482.91339457
-330.001215227 478.574200339
-318.265618949 473.944465604
-306.647649842 469.027001058
-295.154361129 463.824792076
-283.792730341 458.340996897
-272.569655079 452.578944711
-261.491948827 446.542133639
-250.566336817 440.234228604
-239.799451944 433.65905911
-229.197830743 426.820616917
-218.767909415 419.723053616
-208.516019924 412.370678109
-198.448386151 404.767953994
-188.571120119 396.919496856
-178.890218274 388.830071462
-169.411557856 380.504588869
-160.140893321 371.948103446
-151.083852852 363.1658098
-142.245934944 354.163039628
-133.632505061 344.945258475
-125.248792382 335.518062421
-117.099886627 325.887174677
-109.190734963 316.05844212
-101.526139006 306.037831732
-94.1107519007 295.831426988
-86.9490755001 285.445424154
-80.0454576294 274.886128532
-73.4040894477 264.159950629
-67.0290029032 253.273402265
-60.924068286 242.233092621
-55.0929918775 231.045724224
-49.5393137012 219.718088882
-44.2664053732 208.257063557
-39.2774680553 196.669606193
-34.5755305115 184.962751489
-30.1634472696 173.14360663
-26.0438968878 161.219346972
-22.2193803289 149.197211687
-18.6922194417 137.084499365
-15.4645555517 124.888563585
-12.5383481609 112.616808452
-9.91537375817 100.276684101
-7.59722474089 87.8756821709
-5.58530844818 75.4213312621
-3.88084630646 62.9211923614
-2.48487308795 50.3828542537
-1.39823628247 37.8139289145
-0.621595582932 25.2220468886
-0.155422484827 12.6148526579
0.0 1.25408590854e-13
END GESTURE
Gesture Name: Infinity
0.0 0.0
-12.6189218489 12.6150914001
-25.2531643199 25.2225067813
-37.9180525459 37.8145049188
-50.628920261 50.3832138788
-63.4011130434 62.9205649203
-76.249990271 75.4182255154
-89.190925331 87.8675312041
-102.2393036 100.259416018
-115.410517672 112.58434122
-128.719959294 124.83222213
-142.183007381 136.992352834
-155.81501149 149.053328616
-169.631270015 161.002965973
-183.647002348 172.828220163
-197.877314142 184.515100266
-212.337154779 196.048581829
-227.041266026 207.412517276
-242.004120813 218.589544355
-257.239850969 229.56099304
-272.76216268 240.306791461
-288.584238358 250.805371635
-304.718623546 261.033575964
-321.177097432 270.96656574
-337.970525521 280.577733174
-355.108693013 289.838618788
-372.600117473 298.718836391
-390.451839467 307.186008247
-408.669189987 315.205713511
-427.255533714 322.74145348
-446.211987486 329.754637723
-465.537113768 336.20459569
-485.226589468 342.048618954
-505.272851153 347.242039737
-525.664718595 351.738351895
-546.386999597 355.489380931
-567.420080331 358.445509914
-588.73950683 360.555968316
-610.315564914 361.769190699
-632.112867657 362.033251804
-654.089961444 361.296383867
-676.198963723 359.507580808
-698.385247609 356.617292287
-720.587190485 352.578208338
-742.736005476 347.346132476
-764.755676045 340.880937611
-786.563014753 333.147595018
-808.067867237 324.117261879
-829.173481486 313.768407796
-849.777060329 302.087955296
-869.770511541 289.072403956
-889.041404931 274.728902827
-907.474139316 259.076231537
-924.95131428 242.145647487
-941.355292521 223.98155513
-956.569928522 204.641954111
-970.482428957 184.198626182
-982.985300162 162.737026674
-993.978328974 140.35585483
-1003.37053605 117.166288367
-1011.0820361 93.2908807534
-1017.04573798 68.8621342561
-1021.20881998 44.0207768926
-1023.53392118 18.913786052
-1024.0 -6.30778535745
-1022.60282337 -31.4911138254
-1019.35506568 -56.4839676524
-1014.28601309 -81.1370501079
-1007.44088605 -105.306247652
-998.879808946 -128.854712762
-988.676469912 -151.654719859
-976.916525354 -173.589244765
-963.695811442 -194.553232109
-949.11842897 -214.454530106
-933.294768307 -233.214487064
-916.339538024 -250.768217897
-898.369854782 -267.064561132
-879.503443817 -282.065756669
-859.856989758 -295.746881807
-839.544667185 -308.095087499
-818.676870077 -319.108678747
-797.359149681 -328.796082667
-775.691361715 -337.174745505
-753.767016591 -344.269996208
-731.672820585 -350.113909447
-709.48839162 -354.74419581
-687.286130488 -358.203141421
-665.131226829 -360.536613997
-643.081778687 -361.793147388
-621.189004932 -362.023112235
-599.497530915 -361.277976553
-578.045729314 -359.609656857
-556.866099994 -357.069957896
-535.985674756 -353.710097115
-515.426434894 -349.580308556
-495.20573151 -344.729519939
-475.336700398 -339.205096168
-455.82866508 -333.052642233
-436.687523059 -326.315858556
-417.916111743 -319.036442034
-399.514551606 -311.254026397
-381.480565135 -303.006155956
-363.80977086 -294.328287345
-346.495952441 -285.253814371
-329.531303216 -275.814111646
-312.906647038 -266.038593196
-296.611636467 -255.954782746
-280.634929566 -245.588392837
-264.964346705 -234.963410365
-249.587008777 -224.102186527
-234.489458316 -213.025529488
-219.657764927 -201.752798404
-205.077616462 -190.301997701
-190.734397257 -178.689870741
-176.613254728 -166.931992208
-162.699155516 -155.042858725
-148.976932289 -143.035977352
-135.431322266 -130.923951749
-122.046998387 -118.718565874
-108.808594037 -106.430865196
-95.7007221191 -94.0712354634
-82.7079892257 -81.6494791094
-69.8150055816 -69.174889465
-57.0063913933 -56.6563229476
-44.2667801766 -44.1022694497
-31.5808195999 -31.5209211669
-18.9331703425 -18.9202401259
-6.30850343944 -6.30802468784
6.30850343944 6.30802468784
18.9331703425 18.9202401259
31.5808195999 31.5209211669
44.2667801766 44.1022694497
57.0063913933 56.6563229476
69.8150055816 69.174889465
82.7079892257 81.6494791094
95.7007221191 94.0712354634
108.808594037 106.430865196
122.046998387 118.718565874
135.431322266 130.923951749
148.976932289 143.035977352
162.699155516 155.042858725
176.613254728 166.931992208
190.734397257 178.689870741
205.077616462 190.301997701
219.657764927 201.752798404
234.489458316 213.025529488
249.587008777 224.102186527
264.964346705 234.963410365
280.634929566 245.588392837
296.611636467 255.954782746
312.906647038 266.038593196
329.531303216 275.814111646
346.495952441 285.253814371
363.80977086 294.328287345
381.480565135 303.006155956
399.514551606 311.254026397
417.916111743 319.036442034
436.687523059 326.315858556
455.82866508 333.052642233
475.336700398 339.205096168
495.20573151 344.729519939
515.426434894 349.580308556
535.985674756 353.710097115
556.866099994 357.069957896
578.045729314 359.609656857
599.497530915 361.277976553
621.189004932 362.023112235
643.081778687 361.793147388
665.131226829 360.536613997
687.286130488 358.203141421
709.48839162 354.74419581
731.672820585 350.113909447
753.767016591 344.269996208
775.691361715 337.174745505
797.359149681 328.796082667
818.676870077 319.108678747
839.544667185 308.095087499
859.856989758 295.746881807
879.503443817 282.065756669
898.369854782 267.064561132
916.339538024 250.768217897
933.294768307 233.214487064
949.11842897 214.454530106
963.695811442 194.553232109
976.916525354 173.589244765
988.676469912 151.654719859
998.879808946 128.854712762
1007.44088605 105.306247652
1014.28601309 81.1370501079
1019.35506568 56.4839676524
1022.60282337 31.4911138254
1024.0 6.30778535745
1023.53392118 -18.913786052
1021.20881998 -44.0207768926
1017.04573798 -68.8621342561
1011.0820361 -93.2908807534
1003.37053605 -117.166288367
993.978328974 -140.35585483
982.985300162 -162.737026674
970.482428957 -184.198626182
956.569928522 -204.641954111
941.355292521 -223.98155513
924.95131428 -242.145647487
907.474139316 -259.076231537
889.041404931 -274.728902827
869.770511541 -289.072403956
849.777060329 -302.087955296
829.173481486 -313.768407796
808.067867237 -324.117261879
786.563014753 -333.147595018
764.755676045 -340.880937611
742.736005476 -347.346132476
720.587190485 -352.578208338
698.385247609 -356.617292287
676.198963723 -359.507580808
654.089961444 -361.296383867
632.112867657 -362.033251804
610.315564914 -361.769190699
588.73950683 -360.555968316
567.420080331 -358.445509914
546.386999597 -355.489380931
525.664718595 -351.738351895
505.272851153 -347.242039737
485.226589468 -342.048618954
465.537113768 -336.20459569
446.211987486 -329.754637723
427.255533714 -322.74145348
408.669189987 -315.205713511
390.451839467 -307.186008247
372.600117473 -298.718836391
355.108693013 -289.838618788
337.970525521 -280.577733174
321.177097432 -270.96656574
304.718623546 -261.033575964
288.584238358 -250.805371635
272.76216268 -240.306791461
257.239850969 -229.56099304
242.004120813 -218.589544355
227.041266026 -207.412517276
212.337154779 -196.048581829
197.877314142 -184.515100266
183.647002348 -172.828220163
169.631270015 -161.002965973
155.81501149 -149.053328616
142.183007381 -136.992352834
128.719959294 -124.83222213
115.410517672 -112.58434122
102.2393036 -100.259416018
89.190925331 -87.8675312041
76.249990271 -75.4182255154
63.4011130434 -62.9205649203
50.628920261 -50.3832138788
37.9180525459 -37.8145049188
25.2531643199 -25.2225067813
12.6189218489 -12.6150914001
1.25410970053e-13 -1.25410970053e-13
END GESTURE
